needs review
0 151 177 329
188 151 365 329
374 151 552 329
562 151 739 329
0 339 177 517
188 339 365 517
374 339 552 517
562 339 739 517
0 527 177 704
188 527 365 704
374 527 552 704
562 527 739 704
0 715 177 893
188 715 365 893
374 715 552 893
562 715 739 893
0 903 177 1081
188 903 365 1081
374 903 552 1081
562 903 739 1081
0 1091 177 1269
188 1091 365 1269
374 1091 552 1269
562 1091 739 1269
0 1278 177 1456
188 1278 365 1456
374 1278 551 1456
562 1278 739 1456
0 1466 177 1643
187 1466 364 1643
374 1466 551 1643
562 1467 739 1643
