needs review
0 97 145 260
153 97 298 260
306 97 451 260
459 97 604 260
0 268 145 431
153 268 298 431
306 325 451 431
459 325 604 431
0 439 145 602
153 439 298 602
306 439 451 602
459 439 604 602
153 610 298 773
306 610 451 773
459 610 604 773
0 668 145 773
0 781 145 944
306 781 451 944
153 808 298 944
459 842 604 944
0 952 145 1115
306 952 451 1115
459 952 604 1115
153 1014 298 1115
0 1123 145 1286
153 1123 298 1286
306 1123 451 1286
459 1123 604 1286
0 1294 145 1457
153 1294 298 1457
459 1294 604 1457
306 1354 451 1457
0 1465 145 1628
153 1465 298 1628
306 1465 451 1628
459 1465 604 1628
