needs review
0 6 244 157
248 1 368 156
372 1 492 157
495 1 615 155
619 1 739 143
0 161 120 317
124 161 244 316
248 162 368 316
372 162 492 316
495 162 615 315
619 162 739 315
0 320 120 460
124 320 244 460
248 321 368 475
372 321 492 460
495 321 615 460
619 321 739 460
0 478 120 634
124 478 244 634
248 479 368 635
372 479 492 634
495 479 615 633
619 479 739 634
0 639 120 780
124 639 244 793
248 638 368 780
372 638 492 780
495 638 615 794
619 638 739 794
0 797 120 952
124 797 244 950
248 798 368 951
372 798 492 938
495 798 615 938
619 798 739 938
0 957 120 1112
124 957 244 1112
248 958 368 1112
372 958 492 1113
495 958 615 1112
619 958 739 1112
0 1116 120 1271
124 1116 244 1272
248 1117 368 1272
372 1117 492 1271
495 1117 615 1273
619 1117 739 1259
0 1278 120 1431
124 1278 244 1418
248 1278 368 1432
372 1278 492 1432
495 1278 615 1430
619 1278 739 1430
0 1437 120 1591
124 1437 244 1592
248 1437 368 1591
372 1437 492 1592
495 1437 739 1599
